0.77551
0.77551
0.77551
0.791667
0.791667
0.791667
0.791667
0.791667
0.791667
0.808511
0.808511
0.808511
0.808511
0.808511
0.808511
0.808511
0.808511
0.826087
0.826087
0.826087
0.826087
0.804348
0.804348
0.804348
0.804348
0.804348
0.804348
0.804348
0.804348
0.8
0.8
0.8
0.8
0.8
0.8
0.8
0.8
0.8
0.8
0.795455
0.777778
0.795455
0.795455
0.795455
0.795455
0.795455
0.795455
0.795455
0.795455
0.795455
0.795455
0.813953
0.813953
0.790698
0.790698
0.790698
0.790698
0.790698
0.790698
0.790698
0.790698
0.790698
0.790698
0.767442
0.767442
0.767442
0.767442
0.767442
0.767442
0.785714
0.767442
0.785714
0.785714
0.785714
0.785714
0.785714
0.785714
0.785714
0.785714
0.785714
0.785714
0.785714
0.785714
0.785714
0.785714
0.785714
0.785714
0.785714
0.785714
0.761905
0.761905
0.738095
0.738095
0.756098
0.756098
0.756098
0.756098
0.756098
0.756098
0.756098
0.756098
0.756098
0.756098
0.756098
0.756098
0.756098
0.756098
0.756098
0.756098
0.756098
0.756098
0.775
0.775
0.775
0.775
0.775
0.775
0.775
0.775
0.775
0.775
0.775
0.775
0.775
0.775
0.775
0.775
0.775
0.775
0.775
0.775
0.775
0.775
0.775
0.775
0.775
0.775
0.775
0.75
0.725
0.725
0.725
0.725
0.725
0.725
0.725
0.725
0.725
0.725
0.725
0.725
0.7
0.7
0.7
0.7
0.7
0.7
0.717949
0.717949
0.717949
0.7
0.717949
0.717949
0.717949
0.717949
0.717949
0.717949
0.717949
0.717949
0.717949
0.717949
0.717949
0.717949
0.717949
0.717949
0.717949
0.717949
0.717949
0.717949
0.717949
0.717949
0.717949
0.717949
0.717949
0.717949
0.717949
0.736842
0.736842
0.736842
0.736842
0.736842
0.736842
0.736842
0.736842
0.736842
0.736842
0.736842
0.736842
0.736842
0.736842
0.736842
0.736842
0.736842
0.736842
0.736842
0.736842
0.736842
0.736842
0.736842
0.736842
0.736842
0.736842
0.736842
0.736842
0.736842
0.736842
0.736842
0.736842
0.736842
0.736842
0.710526
0.710526
0.710526
0.710526
0.710526
0.710526
0.710526
0.710526
0.710526
0.710526
0.710526
0.72973
0.72973
0.72973
0.72973
0.72973
0.72973
0.72973
0.72973
0.702703
0.702703
0.702703
0.702703
0.702703
0.702703
0.702703
0.702703
0.702703
0.702703
0.702703
0.702703
0.702703
0.702703
0.702703
0.702703
0.702703
0.702703
0.702703
0.702703
0.702703
0.702703
0.702703
0.702703
0.702703
0.702703
0.702703
0.702703
0.702703
0.702703
0.702703
0.702703
0.702703
0.702703
0.702703
0.702703
0.702703
0.702703
0.702703
0.702703
0.702703
0.702703
0.702703
0.702703
0.702703
0.702703
0.702703
0.702703
0.702703
0.702703
0.702703
0.702703
0.702703
0.702703
0.702703
0.702703
0.702703
0.702703
0.702703
0.702703
0.702703
0.702703
0.702703
0.702703
0.702703
0.702703
0.702703
0.702703
0.702703
0.702703
0.702703
0.702703
0.702703
0.702703
0.702703
0.702703
0.702703
0.702703
0.702703
0.702703
0.702703
0.702703
0.702703
0.702703
0.702703
0.702703
0.702703
0.702703
0.702703
0.648649
0.648649
0.648649
0.648649
0.648649
0.648649
0.648649
0.648649
0.648649
0.648649
0.648649
0.648649
0.648649
0.648649
0.648649
0.648649
0.648649
0.648649
0.648649
0.666667
0.648649
0.666667
0.666667
0.666667
0.666667
0.666667
0.666667
0.666667
0.666667
0.666667
0.666667
0.666667
0.666667
0.666667
0.666667
0.666667
0.666667
0.666667
0.666667
0.666667
0.666667
0.666667
0.666667
0.666667
0.666667
0.666667
0.666667
0.666667
0.666667
0.666667
0.666667
0.666667
0.666667
0.666667
0.666667
0.666667
0.666667
0.666667
0.666667
0.666667
0.666667
0.666667
0.666667
0.685714
0.666667
0.666667
0.666667
0.666667
0.666667
0.666667
0.666667
0.666667
0.666667
0.666667
0.666667
0.666667
0.666667
0.666667
0.666667
0.685714
0.666667
0.685714
0.685714
0.685714
0.685714
0.685714
0.685714
0.685714
0.685714
0.685714
0.685714
0.685714
0.685714
0.685714
0.685714
0.685714
0.685714
0.685714
0.685714
0.685714
0.685714
0.685714
0.685714
0.685714
0.685714
0.685714
0.685714
0.685714
0.685714
0.685714
0.657143
0.657143
0.657143
0.657143
0.657143
0.657143
0.657143
0.657143
0.657143
0.657143
0.657143
0.657143
0.657143
0.657143
0.657143
0.676471
0.676471
0.676471
0.676471
0.676471
0.676471
0.676471
0.676471
0.676471
0.676471
0.676471
0.676471
0.676471
0.676471
0.676471
0.676471
0.676471
0.676471
0.676471
0.676471
0.676471
0.676471
0.676471
0.676471
0.676471
0.676471
0.676471
0.676471
0.676471
0.676471
0.676471
0.676471
0.676471
0.676471
0.676471
0.676471
0.676471
0.676471
0.69697
0.676471
0.69697
0.69697
0.69697
0.69697
0.69697
0.69697
0.69697
