0.25
0.25145
0.251
0.2507
0.2535
0.2499
0.2522
0.2537
0.2517
0.25105
0.25475
0.2624
0.27775
0.3016
0.3619
0.4853
0.5701
0.61555
0.63245
0.65395
0.672
0.68675
0.69355
0.7019
0.7159
0.72215
0.73385
0.74215
0.75
0.7573
0.75705
0.7594
0.7642
0.7675
0.77575
0.77925
0.783
0.7818
0.78885
0.7907
0.7971
0.8014
0.80455
0.8099
0.8133
0.81425
0.8167
0.8184
0.8217
0.82645
0.8314
0.8334
0.8388
0.84
0.8435
0.84445
0.84535
0.8466
0.8466
0.8444
0.84295
0.8445
0.8447
0.845
0.8435
0.8454
0.84715
0.8498
0.85125
0.85285
0.85355
0.853
0.855
0.8551
0.85285
0.85065
0.84985
0.84705
0.8465
0.84855
0.85195
0.8519
0.85725
0.86015
0.86045
0.862
0.8654
0.86695
0.86735
0.8695
0.8697
0.87225
0.8754
0.8742
0.8759
0.8775
0.8778
0.88005
0.88025
0.88365
0.8844
0.8876
0.88955
0.88755
0.8879
0.88455
0.87875
0.882
0.88215
0.88685
0.88625
0.8866
0.8888
0.88895
0.88805
0.88485
0.89075
0.88825
0.88675
0.8858
0.88735
0.88985
0.89285
0.8931
0.89245
0.8937
0.89365
0.89545
0.8926
0.89465
0.89385
0.893
0.88865
0.8907
0.89185
0.893
0.8907
0.889
0.88725
0.8845
0.8853
0.8868
0.8904
0.8884
0.8919
0.89145
0.893
0.8945
0.8947
0.89455
0.89515
0.895
0.8956
0.89835
0.89775
0.90105
0.902
0.90585
0.90445
0.9044
0.90655
0.9099
0.91045
0.9102
0.91125
0.9163
0.91655
0.9185
0.9189
0.91775
0.91955
0.9188
0.91795
0.918
0.91935
0.9182
0.9189
0.9198
0.91835
0.91705
0.917
0.9182
0.9167
0.91655
0.9154
0.9139
0.9146
0.91605
0.9153
0.9164
0.91935
0.9173
0.9185
0.91655
0.9171
0.91715
0.9187
0.9217
0.9195
0.9215
0.92175
0.9225
0.9233
0.923
0.92135
0.92475
0.92655
0.9242
0.92615
0.9254
0.92515
0.92465
0.9245
0.92485
0.92115
0.9209
0.9213
0.9214
0.9206
0.92265
0.92105
0.9206
0.91925
0.91965
0.91855
0.9186
0.9188
0.917
0.9152
0.918
0.9193
0.92155
0.921
0.9215
0.9236
0.924
0.9248
0.92485
0.92735
0.92935
0.9313
0.9308
0.93155
0.93225
0.9301
0.92875
0.9278
0.92295
0.9205
0.9205
0.92125
0.9228
0.924
0.9278
0.92845
0.9295
0.92985
0.9303
0.929
0.928
0.92855
0.92955
0.9305
0.93325
0.93355
0.9318
0.93195
0.93205
0.93175
0.932
0.9319
0.9337
0.93595
0.9352
0.9353
0.9357
0.9374
0.94005
0.93775
0.93905
0.93815
0.93915
0.94055
0.93975
0.93735
0.93775
0.93685
0.93425
0.9337
0.9303
0.9291
0.92845
0.9276
0.92845
0.93245
0.9329
0.9314
0.9311
0.9315
0.9311
0.9319
0.93065
0.9305
0.9326
0.9311
0.92885
0.9268
0.92645
0.9263
0.92555
0.9242
0.92585
0.92535
0.92595
0.9262
0.9282
0.93115
0.933
0.93455
0.9359
0.9358
0.9351
0.9346
0.9336
0.93235
0.9334
0.9325
0.93305
0.93225
0.93235
0.9311
0.93135
0.9321
0.9327
0.9329
0.9344
0.934
0.9363
0.93615
0.936
0.9348
0.9363
0.9352
0.9321
0.93335
0.9342
0.93235
0.93205
0.9342
0.93455
0.9334
0.9348
0.9344
0.9363
0.9355
0.9351
0.9369
0.93565
0.9371
0.93875
0.94025
0.9405
0.9414
0.9442
0.94425
0.94325
0.943
0.9417
0.9382
0.9381
0.94
0.9416
0.9393
0.9392
0.9403
0.94105
0.942
0.94045
0.9394
0.9396
0.9399
0.9416
0.9408
0.94295
0.94255
0.94245
0.9409
0.94005
0.94045
0.94075
0.9401
0.9425
0.94145
0.943
0.94235
0.9428
0.94325
0.9446
0.94525
0.9464
0.94935
0.95005
0.95065
0.95055
0.9496
0.94905
0.94725
0.94835
0.9482
0.94925
0.9502
0.9529
0.95105
0.9498
0.95185
0.95265
0.95255
0.9529
0.9548
0.9546
0.9559
0.9559
0.9554
0.9565
0.95785
0.95905
0.95985
0.9601
0.9597
0.96175
0.9635
0.96275
0.9621
0.962
0.96125
0.95995
0.96135
0.96235
0.9622
0.96165
0.9613
0.9607
0.9611
0.96135
0.9629
0.9632
0.96335
0.96455
0.9621
0.96155
0.9618
0.9617
0.96325
0.9658
0.9654
0.96515
0.9664
0.9669
0.9682
0.9675
0.96565
0.96585
0.9654
0.96585
0.96525
0.9649
0.96695
0.96675
0.96505
0.96405
0.9645
0.96475
0.96665
0.96705
0.9682
0.9705
0.96995
0.9701
0.9687
0.9662
0.96545
0.9627
0.9651
0.9643
0.96415
0.96515
0.9658
0.9649
0.9676
0.96745
0.96825
0.9678
0.9672
0.96725
0.9652
0.9662
0.96695
0.96805
0.96875
0.9693
0.9679
0.9661
0.96475
0.96435
0.9635
0.9638
0.96245
0.96195
0.9618
0.9614
0.9621
0.963
0.9637
0.9635
0.96555
0.96705
0.9689
0.9694
0.9684
0.9679
0.96625
0.96605
0.96785
0.96715
0.96945
0.96935
0.9692
0.9705
0.9699
0.96865
0.96815
0.9681
0.9694
0.9702
0.9703
0.97115
0.96905
0.9691
0.971
0.97115
0.9713
0.9725
0.97275
0.97345
0.9739
0.9742
0.974
0.97355
0.9707
0.97075
0.97165
0.971
0.97165
0.97195
0.97135
0.9713
0.9695
0.9709
0.97165
0.9729
0.9724
0.97285
0.97375
0.97205
0.9729
0.9723
0.97195
0.9721
0.9705
0.96995
0.96965
0.96925
0.9693
0.9702
0.97135
0.97245
0.97255
0.97295
0.97155
0.9709
0.96865
0.96885
0.9689
0.96925
0.9685
0.96905
0.96815
0.96845
0.9683
0.97035
0.9704
0.96915
0.97025
0.96975
0.96965
0.9698
0.96945
0.9698
0.97035
0.9718
0.97185
0.97275
0.9737
0.97285
0.9713
0.97225
0.973
0.9743
0.97345
0.97245
0.9724
0.97195
0.9731
0.97285
0.97245
0.97265
0.9742
0.9734
0.97465
0.9761
0.9765
0.97545
0.9748
0.9757
0.9748
0.97385
0.97385
0.9758
0.97615
0.9764
0.9749
0.9749
0.9736
0.9748
0.97385
0.97205
0.97265
0.9729
0.97265
0.97335
0.97505
0.97425
0.9754
0.9764
0.9767
0.97535
0.97505
0.9723
0.9715
0.9718
0.97305
0.97485
0.97665
0.97635
0.9765
0.97635
0.97565
0.9742
0.97435
0.97395
0.97565
0.97455
0.97485
0.97285
0.97425
0.97355
0.9746
0.9733
0.97285
0.97195
0.9723
0.9728
0.97305
0.972
0.9697
0.96955
0.96875
0.969
0.9698
0.9696
0.9695
0.96915
0.97055
0.96915
0.9685
0.9689
0.96865
0.9671
0.9669
0.96695
0.9683
0.9668
0.96545
0.9644
0.96495
0.96705
0.96625
0.9655
0.96675
0.9668
0.96495
0.9668
0.9669
0.9682
0.96835
0.96965
0.96995
0.97035
0.97135
0.97075
0.9705
0.9708
0.97085
0.97015
0.9695
0.96915
0.96915
0.967
0.9662
0.9655
0.96525
0.96615
0.96665
0.96755
0.9686
0.9682
0.9675
0.96765
0.967
0.96735
0.9688
0.969
0.9697
0.9695
0.9705
0.971
0.97045
0.9699
0.9713
0.97195
0.97175
0.97095
0.97035
0.9694
0.96935
0.97165
0.97145
0.97105
0.97175
0.9723
0.9728
0.9732
0.97295
0.97205
0.9718
0.9714
0.972
0.97275
0.9734
0.9752
0.9752
0.97445
0.9767
0.9751
0.9758
0.97605
0.97605
0.975
0.97465
0.9761
0.97705
0.9764
0.97815
0.97785
0.9776
0.97865
0.9783
0.9793
0.98065
0.9788
0.97995
0.98
0.98095
0.9826
0.9823
0.98315
0.9835
0.98275
0.982
0.98025
0.9802
0.97845
0.9782
0.97845
0.9773
0.97665
0.977
0.9771
0.977
0.97565
0.9749
0.9752
0.97645
0.9766
0.97685
0.9775
0.97705
0.97635
0.97645
0.97645
0.9777
0.9777
0.9794
0.97935
0.97915
0.97995
0.9804
0.98145
0.9826
0.9827
0.98255
0.98395
0.9838
0.9844
0.9852
0.985
0.9837
0.98425
0.98455
0.9848
0.9846
0.98385
0.9849
0.98515
0.98395
0.9836
0.98295
0.9829
0.98265
0.98275
0.984
0.98445
0.984
0.98445
0.9827
0.98285
0.9836
0.98305
0.984
0.98255
0.983
0.9836
0.9835
0.9836
0.98615
0.98685
0.987
0.9876
0.9876
0.98665
0.9866
0.9873
0.9877
0.98815
0.9873
0.98835
0.98925
0.99035
0.99005
0.9904
0.9912
0.99155
0.992
0.9915
0.99165
0.991
0.99075
0.99175
0.9913
0.99155
0.99135
0.99055
0.9898
0.9902
0.9899
0.98965
0.9888
0.98995
0.98885
0.9882
0.9881
0.98785
0.9893
0.98805
0.98765
0.98815
0.9882
0.98775
0.9874
0.9888
0.98905
0.989
0.98935
0.98935
0.9902
0.98965
0.99005
0.98955
0.9888
0.98825
0.9881
0.98815
0.98905
0.98905
0.989
0.9895
0.98885
0.98805
0.989
0.98855
0.98905
0.98865
0.989
0.9903
0.9908
0.99195
0.99165
0.99265
0.993
0.99165
0.99105
0.9907
0.98925
0.98955
0.9885
0.9878
0.98805
0.9877
0.98725
0.98715
0.9868
0.98895
0.98995
0.99
0.991
0.99105
0.99095
0.9917
0.99155
0.99205
0.9916
0.9918
0.99135
0.9925
0.9917
0.99255
0.99305
0.99355
0.99475
0.9945
0.995
0.9945
0.9943
0.99455
0.9951
0.99565
0.99565
0.99595
0.99645
0.9967
0.9969
0.99715
0.99705
0.9971
0.99685
0.9966
0.9966
0.99715
0.99785
0.9979
0.99805
0.9977
0.998
0.99765
0.99775
0.9977
0.9977
0.9978
0.99795
0.9982
0.998
0.99775
0.99805
0.99845
0.9986
0.9982
0.9981
0.9986
0.9983
0.99815
