21.589
18.808
17.443
16.398
15.78
13.935
13.668
12.45
12.571
12.682
12.622
11.942
11.887
11.051
11.013
10.457
10.268
11.028
11.084
10.307
10.714
9.952
10.035
9.989
10.238
9.876
9.954
9.74
10.108
10.968
11.142
10.689
10.951
10.773
10.94
10.718
11.146
10.724
10.306
11.371
11
11.597
11.618
11.25
11.467
10.954
11.55
10.868
10.993
11.072
10.962
11.233
11.325
10.84
11.638
11.027
11.262
10.879
10.915
10.565
10.659
10.815
10.991
11.013
10.828
11.146
10.956
10.371
10.935
11.277
11.051
11.875
12.061
11.452
11.836
11.099
11.253
11.189
11.358
11.153
11.579
11.385
11.654
11.268
11.911
11.401
11.656
11.503
11.854
11.308
11.191
11.03
11.218
12.052
12.555
12.152
12.185
12.162
12.061
11.452
11.207
10.876
11.669
11.082
10.975
11.371
11.539
11.58
12.282
12.129
12.514
12.934
13.032
12.158
12.029
11.93
11.999
11.541
11.909
12.366
13.086
12.511
12.687
12.104
11.913
11.563
11.96
11.653
11.882
11.956
11.921
11.054
11.579
11.28
11.51
11.903
11.872
11.853
12.429
11.694
12.066
12.066
12.147
11.464
11.789
11.693
12.229
11.146
11.164
11.226
11.944
11.732
12.037
12.261
12.646
12.424
12.492
13.189
13.889
13.443
12.745
13.617
13.875
13.372
14.271
14.392
14.979
14.625
14.064
13.019
13.398
12.854
13.244
13.009
12.895
12.974
13.006
13.071
13.497
13.639
13.532
13.365
13.591
12.67
12.669
12.623
13.09
13.181
13.679
13.08
13.662
13.285
14.016
13.328
13.405
13.044
13.56
12.937
13.354
12.583
12.727
12.322
12.998
12.725
13.118
13.032
13.075
12.71
12.978
13.027
12.978
12.638
12.989
12.396
13.074
13.113
13.234
12.497
12.875
12.918
13.3
12.301
12.839
12.353
12.86
12.539
12.817
12.524
12.941
13.212
13.01
13.199
14.19
13.138
13.845
13.6
13.861
13.016
13.118
12.783
13.959
13.484
13.937
13.381
13.977
13.684
13.806
13.465
13.781
13.53
14.082
13.605
13.475
13.389
13.483
13.567
13.823
13.647
13.756
13.071
12.977
12.563
13.088
13.096
13.359
12.567
12.771
12.431
12.225
12.15
12.55
12.382
12.129
12.176
13.061
12.396
12.571
12.579
12.98
12.909
13.122
13.025
13.364
13.047
13.459
13.48
13.472
12.571
13.564
13.66
14.015
13.386
13.708
13.974
14.205
14.017
13.875
13.188
13.589
13.749
13.951
13.854
13.533
13.42
13.702
13.529
14.125
14.124
14.345
14.147
14.587
14.36
14.648
14.334
14.915
13.885
13.858
13.846
13.854
13.403
13.867
13.48
13.76
13.243
13.565
13.252
13.535
12.805
12.919
12.683
13.448
13.678
13.594
13.426
13.622
14.072
14.54
14.267
14.61
14.06
14.558
14.191
14.338
13.732
14.144
14.022
13.699
14.456
14.135
14.786
15.605
14.88
15.012
14.525
15.317
14.719
14.943
14.401
14.47
14.187
13.986
14.012
14.243
13.744
13.856
13.328
13.64
13.683
14.02
13.906
14.608
14.146
14.508
13.796
14.01
14.08
14.084
14.097
14.193
14.306
14.865
14.404
14.844
14.283
14.45
13.991
14.383
13.852
14.751
13.828
14.122
14.476
13.802
13.249
13.222
13.401
13.932
13.976
14.138
13.856
14.411
14.413
14.482
14.142
14.367
14.1
14.219
14.74
13.743
13.57
14.943
14.404
14.408
13.661
13.854
13.439
13.7
13.61
14.393
13.371
13.516
13.193
13.627
13.593
13.832
13.367
13.202
12.435
12.931
12.383
12.607
11.99
12.32
12.657
13.293
13.008
13.541
12.882
13.082
12.824
13.258
13.229
13.468
13.518
13.791
12.912
13.035
13.222
13.413
12.903
12.826
12.861
13.075
13.821
14.348
13.708
14.277
14.108
14.379
13.715
13.692
13.344
13.813
13.573
14.366
14.288
14.575
14.382
14.824
15.185
15.346
14.967
15.502
14.582
15.074
14.655
14.143
13.651
13.991
13.399
13.772
13.583
14.139
14.006
14.028
13.339
13.921
13.353
13.782
13.308
13.509
14.376
13.842
14.377
14.629
13.567
14.33
14.066
14.07
13.201
