1.59308e+07
2.69222e+06
3.02514e+06
2.62384e+06
3.10778e+06
2.50769e+06
2.47238e+06
2.83096e+06
3.04816e+06
2.3211e+06
2.68713e+06
2.54969e+06
2.79482e+06
2.44379e+06
2.10724e+06
2.90433e+06
2.88466e+06
2.48071e+06
2.72566e+06
2.39375e+06
2.95869e+06
2.43907e+06
2.44709e+06
2.94648e+06
2.33664e+06
2.22541e+06
2.22221e+06
2.34837e+06
2.6601e+06
2.72558e+06
2.47342e+06
2.19443e+06
2.52158e+06
2.6383e+06
2.61687e+06
2.49504e+06
2.48806e+06
2.75278e+06
2.51417e+06
2.0284e+06
2.12932e+06
2.26572e+06
2.59924e+06
2.4792e+06
2.34373e+06
2.90608e+06
2.2712e+06
1.94165e+06
2.42987e+06
2.23369e+06
